51986
51987
51988
51989
51990
51994
51995
53768
53769
53770
53771
53772
53784
53785
53786
53787
53788
53789
53790
53791
53792
53793
53794
53795
53796
53797
55334
57262
57263
57264
57265
57278
57279
57280
57283
57284
57285
57289
57290
57293
57294
57295
57299
57300
57304
57305
57309
57310
57314
57315
57319
57320
57324
57325
57329
57330
57334
57335
57339
57340
57345
57351
57352
57356
57357
57385
57386
57387
57390
57391
57392
57395
57396
57397
57400
57401
57402
57405
57406
57407
57410
57411
57412
57415
57416
57417
57421
57422
57426
57427
57431
57432
57436
57437
57441
57442
57445
57446
57447
57448
57449
57450
57451
57452
57453
57454
57455
57456
57457
57458
57459
57460
57461
57462
57463
57464
57465
57466
57467
57468
57469
57470
57471
57472
57487
57488
57489
57490
57491
57492
57493
57494
57495
57496
57497
57498
57499
57500
57501
57542
57543
57544
57545
57546
57547
57548
57549
57550
57551
57552
57553
57554
57615
57616
57617
57618
57619
57620
57621
57622
57623
57666
57710
57711
57734
57735
57793
57794
57796
57805
58275
58754
59787
59788
59789
59790
59795
59796
59797
59798
62782
62783
62784
62785
62786
62787
64254
